1	210	0.093	0.042
2	1680	0.113	0.001
3	940	0.191	0.038
4	1840	0.074	0.029
5	670	0.022	0.048
6	770	0.117	0.011
7	4040	0.036	0.032
8	1060	0.012	0.029
9	4670	0.072	0.045
10	2970	0.082	0.045
11	3480	0.052	0.049
12	70	0.031	0.045
13	590	0.147	0.015
14	3240	0.088	0.026
15	1580	0.09	0.034
16	3520	0.152	0.041
17	1600	0.189	0.034
18	760	0.17	0.035
19	1890	0.113	0.024
20	1370	0.181	0.013
21	2710	0.128	0.029
22	2550	0.048	0.005
23	1410	0.139	0.038
24	3360	0.121	0.019
25	2570	0.111	0.033
26	4690	0.046	0.03
27	410	0.114	0.014
28	4770	0.052	0.041
29	1700	0.117	0.048
30	3220	0.175	0.019
31	1220	0.1	0.046
32	1650	0.161	0.016
33	4680	0.118	0.05
34	1950	0.046	0.028
35	4810	0.129	0.029
36	4910	0.074	0.05
37	3250	0.159	0.033
38	400	0.043	0.011
39	570	0.192	0.043
40	3160	0.022	0.043
41	1450	0.139	0.018
42	5000	0.036	0.013
43	4540	0.141	0.045
44	2160	0.059	0.021
45	2890	0.109	0.05
46	3510	0.149	0.001
47	1210	0.101	0.024
48	510	0.102	0.044
49	2020	0.137	0.012
50	2090	0.091	0.015
51	3610	0.063	0.034
52	3110	0.068	0.004
53	1130	0.075	0.047
54	2710	0.063	0.033
55	600	0.041	0.031
56	2650	0.121	0.015
57	1960	0.156	0.018
58	4020	0.093	0.037
59	1400	0.149	0.019
60	3740	0.076	0.005
61	2930	0.191	0.004
62	1360	0.19	0.043
63	2020	0.154	0.018
64	2670	0.105	0.012
65	2800	0.095	0.046
66	1210	0.152	0.018
67	1280	0.071	0.039
68	3430	0.12	0.038
69	720	0.092	0.002
70	1570	0.033	0.038
71	4720	0.112	0.047
72	2400	0.156	0.028
73	2770	0.179	0.022
74	3990	0.129	0.018
75	4770	0.173	0.015
76	3340	0.014	0.026
77	250	0.112	0.005
78	4360	0.028	0.043
79	2210	0.091	0.03
80	310	0.123	0.034
81	1920	0.083	0.015
82	50	0.158	0.001
83	4870	0.042	0.042
84	1460	0.073	0.02
85	2260	0.108	0.026
86	940	0.186	0.046
87	1750	0.109	0.041
88	4930	0.171	0.045
89	2700	0.02	0.048
90	3070	0.138	0.048
91	1790	0.098	0.029
92	760	0.173	0.001
93	120	0.127	0.029
94	1680	0.132	0.037
95	2120	0.028	0.022
96	3650	0.039	0.015
97	20	0.082	0.005
98	3450	0.056	0.046
99	250	0.097	0.022
100	4080	0.155	0.037
101	4350	0.059	0.025
102	640	0.086	0.012
103	1850	0.05	0.028
104	910	0.105	0.001
105	4450	0.102	0.035
106	2990	0.062	0.009
107	1330	0.128	0.025
108	1740	0.063	0.031
109	4500	0.023	0.011
110	4260	0.144	0.033
111	3450	0.123	0.013
112	610	0.154	0.007
113	2790	0.161	0.016
114	3340	0.107	0.022
115	2730	0.099	0.017
116	3780	0.183	0.007
117	1440	0.125	0.042
118	80	0.066	0.001
119	3950	0.084	0.037
120	540	0.185	0.036
121	1840	0.16	0.037
122	4830	0.064	0.021
123	4890	0.17	0.033
124	4290	0.147	0.005
125	460	0.022	0.019
126	3310	0.03	0.034
127	520	0.038	0.02
128	610	0.129	0.005
129	4140	0.086	0.043
130	1190	0.076	0.001
131	750	0.088	0.003
132	4840	0.036	0.011
133	4790	0.124	0.018
134	1820	0.108	0.047
135	3800	0.141	0.027
136	3250	0.163	0.016
137	2970	0.172	0.001
138	3420	0.042	0.002
139	320	0.1	0.007
140	2760	0.035	0.027
141	3800	0.187	0.019
142	3220	0.184	0.022
143	200	0.086	0.007
144	1520	0.031	0.022
145	4250	0.167	0.022
146	1020	0.057	0.024
147	1350	0.191	0.021
148	3380	0.125	0.036
149	2000	0.191	0.028
150	1700	0.148	0.023
151	2830	0.126	0.009
152	780	0.014	0.033
153	3650	0.093	0.026
154	2140	0.152	0.026
155	220	0.191	0.038
156	2140	0.025	0.001
157	1020	0.099	0.043
158	720	0.039	0.018
159	3810	0.082	0.018
160	260	0.182	0.009
161	4620	0.12	0.017
162	530	0.101	0.049
163	2220	0.033	0.026
164	4410	0.127	0.005
165	1390	0.169	0.04
166	3010	0.031	0.031
167	4220	0.169	0.046
168	4450	0.061	0.031
169	1190	0.084	0.002
170	1180	0.153	0.038
171	2830	0.106	0.018
172	1380	0.157	0.023
173	4100	0.052	0.038
174	3770	0.062	0.048
175	430	0.143	0.023
176	3560	0.093	0.011
177	3560	0.02	0.023
178	3800	0.018	0.003
179	1270	0.083	0.019
180	210	0.103	0.008
181	3510	0.086	0.044
182	3750	0.098	0.012
183	3710	0.098	0.026
184	3860	0.14	0.01
185	250	0.098	0.019
186	3470	0.17	0.037
187	4740	0.042	0.05
188	940	0.106	0.046
189	3620	0.011	0.022
190	4830	0.053	0.013
191	2490	0.095	0.035
192	1820	0.016	0.027
193	1750	0.053	0.013
194	610	0.074	0.003
195	1260	0.152	0.029
196	980	0.153	0.009
197	3750	0.146	0.026
198	2200	0.161	0.018
199	4140	0.084	0.009
200	710	0.04	0.032
201	3380	0.063	0.002
202	3920	0.047	0.017
203	720	0.126	0.043
204	600	0.027	0.043
205	1980	0.023	0.006
206	4090	0.166	0.02
207	540	0.184	0.008
208	190	0.012	0.001
209	3840	0.138	0.011
210	3490	0.046	0.034
211	2880	0.12	0.011
212	4430	0.106	0.042
213	890	0.147	0.012
214	2320	0.138	0.026
215	3790	0.108	0.036
216	2210	0.02	0.022
217	430	0.144	0.041
218	3640	0.173	0.036
219	2570	0.11	0.019
220	440	0.1	0.04
221	80	0.05	0.032
222	110	0.026	0.033
223	520	0.021	0.04
224	2160	0.178	0.033
225	3220	0.028	0.045
226	4870	0.162	0.034
227	1210	0.186	0.024
228	2630	0.031	0.004
229	2810	0.124	0.027
230	1520	0.012	0.036
231	5000	0.085	0.046
232	280	0.081	0.037
233	2040	0.066	0.006
234	2190	0.112	0.046
235	4690	0.119	0.026
236	3460	0.085	0.04
237	1520	0.101	0.011
238	900	0.088	0.048
239	3080	0.192	0.018
240	2410	0.106	0.008
241	3430	0.16	0.002
242	3060	0.044	0.035
243	1570	0.013	0.006
244	560	0.061	0.04
245	1940	0.044	0.013
246	10	0.099	0.036
247	530	0.028	0.035
248	3760	0.174	0.037
249	3860	0.159	0.033
250	2180	0.025	0.017
251	820	0.017	0.021
252	170	0.183	0.031
253	160	0.181	0.039
254	140	0.169	0.005
255	570	0.091	0.008
256	1700	0.022	0.018
257	740	0.111	0.042
258	1830	0.164	0.048
259	2170	0.127	0.008
260	1990	0.049	0.05
261	4100	0.056	0.042
262	1700	0.113	0.042
263	1830	0.188	0.031
264	1980	0.101	0.014
265	4070	0.096	0.046
266	1750	0.04	0.017
267	2160	0.087	0.041
268	1250	0.043	0.011
269	2730	0.109	0.043
270	4530	0.094	0.032
271	3940	0.143	0.044
272	2910	0.155	0.042
273	4040	0.133	0.038
274	4910	0.03	0.021
275	2020	0.133	0.013
276	4610	0.19	0.029
277	690	0.146	0.037
278	3320	0.117	0.007
279	3980	0.081	0.021
280	4650	0.107	0.009
281	3550	0.094	0.028
282	1590	0.079	0.01
283	3840	0.097	0.049
284	990	0.054	0.021
285	4750	0.086	0.012
286	4040	0.041	0.05
287	2540	0.06	0.006
288	3690	0.139	0.035
289	3990	0.161	0.008
290	2650	0.066	0.003
291	3990	0.124	0.032
292	2700	0.113	0.005
293	600	0.064	0.001
294	4350	0.107	0.006
295	4080	0.083	0.002
296	3910	0.117	0.033
297	3710	0.079	0.031
298	4730	0.15	0.045
299	2400	0.118	0.003
300	230	0.185	0.015
301	3930	0.165	0.05
302	3720	0.163	0.005
303	1540	0.106	0.004
304	2230	0.161	0.022
305	4990	0.041	0.038
306	4660	0.042	0.002
307	4140	0.095	0.032
308	1630	0.039	0.014
309	4140	0.079	0.003
310	1710	0.137	0.045
311	410	0.039	0.012
312	850	0.147	0.023
313	3730	0.046	0.014
314	3160	0.033	0.047
315	3670	0.06	0.048
316	3920	0.088	0.01
317	1860	0.123	0.017
318	1470	0.06	0.047
319	2720	0.039	0.039
320	4150	0.148	0.005
321	4590	0.19	0.001
322	3160	0.011	0.033
323	4540	0.016	0.05
324	10	0.158	0.038
325	2810	0.083	0.044
326	4590	0.188	0.04
327	1450	0.112	0.026
328	4930	0.112	0.027
329	4860	0.12	0.021
330	2020	0.116	0.035
331	1470	0.109	0.013
332	4530	0.165	0.007
333	650	0.192	0.023
334	2620	0.141	0.032
335	440	0.051	0.034
336	4490	0.044	0.027
337	1210	0.16	0.017
338	3270	0.155	0.012
339	3220	0.028	0.001
340	1320	0.069	0.029
341	4950	0.054	0.033
342	640	0.148	0.031
343	4800	0.045	0.011
344	1200	0.036	0.04
345	910	0.172	0.016
346	2870	0.041	0.006
347	3820	0.036	0.049
348	3960	0.128	0.043
349	2810	0.015	0.032
350	3530	0.088	0.045
351	1310	0.098	0.029
352	270	0.109	0.019
353	2470	0.047	0.05
354	2740	0.146	0.021
355	1040	0.032	0.019
356	3240	0.18	0.024
357	3330	0.025	0.002
358	1470	0.108	0.003
359	2400	0.171	0.046
360	1130	0.047	0.038
361	170	0.145	0.011
362	4440	0.077	0.009
363	4470	0.011	0.04
364	2670	0.134	0.017
365	3530	0.041	0.035
366	2440	0.183	0.006
367	1940	0.043	0.003
368	220	0.029	0.036
369	2380	0.13	0.02
370	4590	0.134	0.032
371	1660	0.055	0.048
372	4120	0.096	0.04
373	2390	0.127	0.037
374	1270	0.141	0.013
375	4700	0.038	0.027
376	4390	0.169	0.017
377	400	0.12	0.028
378	4700	0.176	0.039
379	4280	0.083	0.008
380	1180	0.189	0.038
381	1200	0.093	0.006
382	2130	0.077	0.011
383	500	0.186	0.003
384	4510	0.028	0.047
385	2210	0.13	0.039
386	2660	0.068	0.03
387	1690	0.027	0.035
388	2330	0.152	0.035
389	3640	0.023	0.017
390	3780	0.062	0.002
391	2690	0.101	0.032
392	130	0.119	0.02
393	4460	0.099	0.004
394	190	0.063	0.021
395	2490	0.127	0.037
396	140	0.092	0.048
397	2750	0.109	0.007
398	410	0.128	0.016
399	4200	0.142	0.015
400	3680	0.15	0.007
401	820	0.111	0.021
402	1250	0.1	0.006
403	4940	0.077	0.006
404	250	0.123	0.044
405	4310	0.037	0.012
406	4220	0.062	0.037
407	2870	0.072	0.046
408	2360	0.113	0.014
409	980	0.073	0.013
410	4060	0.153	0.034
411	4940	0.072	0.037
412	1690	0.073	0.021
413	2160	0.095	0.031
414	290	0.149	0.03
415	890	0.099	0.016
416	2040	0.071	0.05
417	1780	0.146	0.016
418	1200	0.138	0.027
419	240	0.072	0.025
420	1290	0.102	0.007
421	510	0.11	0.02
422	3620	0.059	0.019
423	1580	0.182	0.004
424	540	0.074	0.032
425	4950	0.083	0.031
426	1050	0.176	0.022
427	1930	0.106	0.005
428	660	0.11	0.018
429	1390	0.191	0.034
430	3380	0.075	0.05
431	4280	0.142	0.044
432	2250	0.067	0.005
433	510	0.123	0.027
434	1060	0.114	0.036
435	4190	0.145	0.019
436	4250	0.191	0.023
437	2310	0.068	0.046
438	4880	0.044	0.038
439	1350	0.156	0.009
440	2620	0.151	0.031
441	120	0.031	0.043
442	3650	0.128	0.012
443	90	0.041	0.04
444	1010	0.177	0.042
445	4290	0.146	0.007
446	940	0.19	0.036
447	3590	0.133	0.029
448	3940	0.142	0.045
449	1270	0.186	0.04
450	3300	0.039	0.015
451	990	0.123	0.013
452	730	0.092	0.009
453	4510	0.156	0.001
454	370	0.07	0.034
455	3090	0.025	0.016
456	3980	0.042	0.035
457	810	0.127	0.007
458	4850	0.163	0.013
459	3590	0.174	0.028
460	3470	0.052	0.019
461	420	0.12	0.032
462	3620	0.07	0.02
463	4650	0.111	0.006
464	370	0.014	0.009
465	4840	0.189	0.008
466	1630	0.043	0.028
467	2970	0.044	0.019
468	2540	0.082	0.044
469	3000	0.129	0.038
470	2880	0.079	0.017
471	4340	0.074	0.03
472	2010	0.111	0.045
473	2210	0.164	0.018
474	4430	0.119	0.047
475	1460	0.189	0.046
476	2250	0.11	0.05
477	1900	0.02	0.023
478	1670	0.153	0.046
479	560	0.141	0.025
480	3750	0.174	0.023
481	4040	0.012	0.036
482	1980	0.11	0.015
483	1710	0.139	0.002
484	2260	0.162	0.033
485	3160	0.151	0.028
486	2430	0.122	0.027
487	4870	0.112	0.006
488	2410	0.068	0.026
489	4530	0.09	0.049
490	1720	0.121	0.003
491	3980	0.153	0.009
492	4340	0.174	0.022
493	2540	0.086	0.046
494	4370	0.089	0.028
495	1710	0.04	0.008
496	530	0.051	0.025
497	570	0.119	0.03
498	580	0.163	0.018
499	680	0.186	0.048
500	1440	0.047	0.012
501	2450	0.039	0.02
502	3020	0.156	0.028
503	2400	0.182	0.039
504	4370	0.115	0.007
505	2430	0.129	0.017
506	4070	0.142	0.038
507	2260	0.076	0.042
508	1710	0.146	0.046
509	10	0.048	0.03
510	2870	0.061	0.026
511	610	0.188	0.035
512	4820	0.149	0.018
513	2790	0.125	0.043
514	4260	0.105	0.049
515	1900	0.176	0.026
516	2060	0.175	0.039
517	1240	0.022	0.013
518	4380	0.082	0.02
519	2160	0.098	0.011
520	3110	0.055	0.033
521	2630	0.112	0.021
522	1650	0.042	0.004
523	1530	0.172	0.032
524	2570	0.119	0.049
525	2680	0.012	0.035
526	2570	0.04	0.045
527	3760	0.113	0.041
528	3830	0.093	0.019
529	390	0.103	0.005
530	3940	0.041	0.042
531	90	0.08	0.043
532	3200	0.101	0.023
533	1630	0.024	0.004
534	430	0.02	0.003
535	570	0.18	0.001
536	4660	0.073	0.047
537	3660	0.186	0.035
538	350	0.063	0.04
539	4820	0.19	0.005
540	4280	0.125	0.045
541	4570	0.12	0.031
542	1950	0.167	0.012
543	3730	0.155	0.038
544	910	0.098	0.039
545	3080	0.136	0.026
546	3890	0.177	0.025
547	4060	0.036	0.015
548	1180	0.188	0.022
549	650	0.153	0.03
550	1870	0.111	0.002
551	4350	0.13	0.05
552	3720	0.06	0.041
553	3120	0.089	0.033
554	700	0.125	0.031
555	4960	0.068	0.02
556	1730	0.07	0.045
557	2370	0.068	0.009
558	1310	0.054	0.044
559	950	0.079	0.044
560	2570	0.053	0.016
561	1790	0.023	0.008
562	180	0.161	0.043
563	1650	0.116	0.02
564	2460	0.165	0.017
565	200	0.066	0.021
566	2160	0.123	0.041
567	2740	0.14	0.011
568	1950	0.011	0.049
569	3930	0.187	0.045
570	2220	0.159	0.003
571	4170	0.162	0.034
572	1260	0.085	0.017
573	480	0.146	0.013
574	900	0.087	0.009
575	1060	0.032	0.034
576	2630	0.012	0.039
577	1880	0.184	0.022
578	3530	0.022	0.027
579	270	0.157	0.038
580	120	0.158	0.031
581	2510	0.165	0.022
582	1880	0.072	0.043
583	1650	0.188	0.012
584	130	0.086	0.032
585	2350	0.069	0.035
586	3630	0.113	0.034
587	1540	0.128	0.023
588	1410	0.119	0.008
589	690	0.064	0.045
590	4440	0.08	0.037
591	4700	0.168	0.014
592	2360	0.031	0.015
593	4550	0.133	0.003
594	2370	0.184	0.022
595	1840	0.012	0.02
596	780	0.057	0.026
597	1160	0.183	0.034
598	3010	0.017	0.023
599	4960	0.051	0.023
600	3930	0.049	0.018
601	1950	0.182	0.001
602	760	0.124	0.019
603	270	0.091	0.031
604	3030	0.181	0.037
605	4780	0.073	0.042
606	4870	0.095	0.046
607	3120	0.069	0.041
608	2180	0.106	0.003
609	3370	0.025	0.003
610	3810	0.068	0.048
611	1770	0.054	0.003
612	140	0.188	0.012
613	3780	0.047	0.021
614	890	0.171	0.044
615	4330	0.093	0.029
616	4410	0.04	0.005
617	3610	0.037	0.001
618	160	0.128	0.041
619	2540	0.151	0.049
620	2640	0.153	0.025
621	4210	0.156	0.013
622	980	0.125	0.015
623	4060	0.187	0.04
624	1390	0.09	0.018
625	4440	0.086	0.031
626	990	0.137	0.02
627	3230	0.032	0.005
628	1620	0.14	0.035
629	3930	0.109	0.006
630	2780	0.116	0.049
631	70	0.17	0.047
632	250	0.123	0.026
633	3270	0.174	0.019
634	2710	0.058	0.025
635	1170	0.15	0.031
636	4030	0.136	0.015
637	2710	0.089	0.006
638	4190	0.113	0.01
639	3710	0.161	0.002
640	3900	0.068	0.03
641	4890	0.076	0.029
642	1770	0.081	0.038
643	3870	0.013	0.034
644	3760	0.102	0.001
645	1070	0.085	0.045
646	3220	0.176	0.023
647	2110	0.078	0.037
648	490	0.105	0.009
649	130	0.076	0.012
650	2650	0.156	0.034
651	3590	0.023	0.023
652	4410	0.137	0.015
653	3430	0.065	0.024
654	1640	0.159	0.047
655	1630	0.162	0.031
656	4090	0.056	0.025
657	590	0.055	0.018
658	4920	0.062	0.046
659	3700	0.14	0.015
660	3280	0.176	0.026
661	3230	0.085	0.032
662	2730	0.18	0.006
663	1110	0.066	0.035
664	2330	0.078	0.048
665	4390	0.026	0.033
666	4020	0.086	0.023
667	4790	0.016	0.034
668	2710	0.165	0.033
669	3930	0.016	0.02
670	2360	0.139	0.037
671	2120	0.182	0.027
672	3060	0.135	0.023
673	190	0.133	0.008
674	1190	0.018	0.039
675	3850	0.14	0.007
676	2060	0.111	0.044
677	4080	0.045	0.013
678	2390	0.05	0.029
679	1070	0.019	0.029
680	5000	0.174	0.007
681	4790	0.094	0.031
682	2360	0.129	0.029
683	2180	0.085	0.046
684	3790	0.187	0.029
685	3210	0.17	0.035
686	130	0.127	0.026
687	1330	0.078	0.014
688	2000	0.188	0.048
689	4080	0.03	0.042
690	2990	0.033	0.043
691	2340	0.105	0.024
692	2370	0.126	0.04
693	1420	0.145	0.021
694	3550	0.068	0.049
695	1180	0.107	0.032
696	2110	0.065	0.028
697	2520	0.166	0.002
698	930	0.132	0.04
699	1640	0.052	0.029
700	3700	0.171	0.014
701	1530	0.158	0.021
702	2460	0.011	0.032
703	1000	0.099	0.047
704	530	0.049	0.028
705	2690	0.039	0.003
706	2370	0.107	0.036
707	4190	0.132	0.018
708	1180	0.072	0.016
709	1160	0.071	0.044
710	2620	0.079	0.012
711	720	0.146	0.05
712	730	0.081	0.007
713	4250	0.11	0.025
714	2180	0.118	0.042
715	50	0.094	0.025
716	2180	0.143	0.006
717	4730	0.187	0.035
718	1590	0.169	0.034
719	790	0.066	0.032
720	4080	0.06	0.037
721	240	0.109	0.013
722	3790	0.1	0.042
723	4420	0.084	0.011
724	290	0.053	0.024
725	1640	0.149	0.007
726	2480	0.128	0.017
727	2120	0.191	0.017
728	2190	0.021	0.033
729	3390	0.075	0.026
730	1000	0.152	0.018
731	1190	0.129	0.033
732	20	0.028	0.043
733	1310	0.073	0.036
734	4570	0.047	0.04
735	2470	0.126	0.048
736	720	0.026	0.031
737	1120	0.028	0.043
738	3730	0.072	0.048
739	3770	0.027	0.003
740	610	0.026	0.014
741	4460	0.116	0.014
742	3340	0.045	0.004
743	3670	0.053	0.027
744	370	0.149	0.017
745	4820	0.11	0.031
746	2980	0.012	0.017
747	2810	0.156	0.007
748	170	0.185	0.033
749	1450	0.093	0.031
750	810	0.034	0.045
751	550	0.051	0.009
752	4100	0.118	0.022
753	2070	0.05	0.018
754	1030	0.056	0.004
755	3180	0.167	0.026
756	80	0.156	0.039
757	4420	0.122	0.048
758	1880	0.039	0.007
759	4440	0.186	0.009
760	4930	0.188	0.038
761	4620	0.115	0.017
762	1770	0.153	0.044
763	4170	0.185	0.006
764	2470	0.151	0.027
765	3770	0.076	0.035
766	1620	0.129	0.004
767	4940	0.111	0.01
768	280	0.156	0.005
769	200	0.113	0.033
770	2830	0.149	0.028
771	4470	0.041	0.041
772	620	0.061	0.002
773	2270	0.162	0.049
774	3920	0.076	0.009
775	330	0.083	0.047
776	2820	0.177	0.017
777	2690	0.098	0.013
778	1290	0.059	0.024
779	4410	0.082	0.033
780	3510	0.049	0.017
781	1520	0.091	0.015
782	2620	0.159	0.046
783	2870	0.032	0.018
784	2640	0.186	0.026
785	2420	0.016	0.031
786	2090	0.029	0.004
787	620	0.027	0.022
788	1430	0.093	0.009
789	110	0.076	0.004
790	2080	0.015	0.041
791	1280	0.163	0.014
792	2940	0.173	0.002
793	2150	0.055	0.028
794	4340	0.124	0.048
795	3510	0.077	0.039
796	4020	0.065	0.007
797	1390	0.107	0.006
798	1150	0.025	0.024
799	3170	0.058	0.041
800	190	0.166	0.012
801	3670	0.055	0.02
802	4340	0.149	0.01
803	640	0.125	0.009
804	1520	0.164	0.031
805	960	0.071	0.03
806	1250	0.181	0.01
807	1290	0.119	0.012
808	4790	0.024	0.016
809	960	0.071	0.022
810	780	0.147	0.035
811	3800	0.157	0.044
812	2710	0.019	0.007
813	4290	0.097	0.039
814	1950	0.127	0.007
815	2450	0.188	0.009
816	1020	0.097	0.035
817	2320	0.025	0.031
818	2170	0.179	0.004
819	10	0.078	0.032
820	1040	0.062	0.031
821	4650	0.136	0.016
822	610	0.093	0.04
823	3530	0.158	0.036
824	3550	0.124	0.018
825	2230	0.028	0.04
826	4530	0.122	0.005
827	1160	0.079	0.027
828	1510	0.155	0.001
829	3670	0.065	0.015
830	660	0.143	0.042
831	4040	0.056	0.009
832	3560	0.174	0.007
833	2290	0.011	0.048
834	2320	0.121	0.017
835	4020	0.048	0.026
836	2110	0.146	0.01
837	4040	0.058	0.032
838	2680	0.184	0.03
839	4750	0.016	0.003
840	4930	0.075	0.011
841	980	0.02	0.04
842	4900	0.138	0.011
843	1440	0.16	0.014
844	3680	0.152	0.028
845	3260	0.076	0.011
846	1190	0.059	0.005
847	1590	0.158	0.048
848	4930	0.182	0.045
849	3030	0.043	0.042
850	1680	0.127	0.015
851	2620	0.017	0.013
852	1020	0.087	0.024
853	1340	0.141	0.046
854	640	0.154	0.035
855	3920	0.085	0.027
856	4620	0.101	0.011
857	1520	0.179	0.01
858	4030	0.082	0.048
859	3660	0.111	0.046
860	2170	0.156	0.002
861	2370	0.058	0.042
862	3750	0.077	0.042
863	580	0.078	0.012
864	1770	0.165	0.046
865	4280	0.136	0.028
866	4430	0.167	0.002
867	1580	0.112	0.042
868	4940	0.087	0.046
869	880	0.042	0.024
870	1780	0.162	0.011
871	1560	0.162	0.011
872	3270	0.037	0.042
873	540	0.033	0.032
874	3450	0.035	0.016
875	3120	0.157	0.022
876	2120	0.177	0.018
877	3020	0.088	0.05
878	2160	0.112	0.008
879	2410	0.148	0.012
880	4960	0.07	0.011
881	4260	0.066	0.027
882	4140	0.035	0.043
883	1030	0.135	0.035
884	2790	0.155	0.039
885	850	0.108	0.032
886	980	0.026	0.037
887	2430	0.091	0.005
888	4360	0.096	0.005
889	2700	0.019	0.016
890	4100	0.152	0.033
891	3520	0.175	0.027
892	2620	0.094	0.017
893	4580	0.112	0.049
894	4830	0.135	0.019
895	1640	0.096	0.009
896	1430	0.09	0.048
897	750	0.123	0.001
898	550	0.03	0.015
899	3720	0.033	0.016
900	660	0.137	0.047
901	2520	0.181	0.003
902	4430	0.018	0.046
903	360	0.052	0.032
904	3280	0.164	0.044
905	1300	0.056	0.027
906	270	0.1	0.049
907	3480	0.087	0.014
908	3900	0.187	0.023
909	2740	0.094	0.026
910	350	0.185	0.007
911	3500	0.124	0.043
912	1810	0.07	0.026
913	1120	0.107	0.005
914	2350	0.144	0.037
915	1610	0.03	0.036
916	3960	0.189	0.006
917	2240	0.162	0.045
918	120	0.136	0.045
919	510	0.154	0.01
920	2560	0.073	0.042
921	3190	0.116	0.019
922	4250	0.019	0.022
923	4310	0.064	0.035
924	2620	0.142	0.046
925	960	0.157	0.02
926	4770	0.104	0.009
927	4890	0.058	0.029
928	4620	0.142	0.012
929	3470	0.07	0.003
930	3280	0.019	0.002
931	450	0.093	0.046
932	4280	0.099	0.036
933	2130	0.104	0.039
934	2720	0.091	0.032
935	290	0.074	0.032
936	4080	0.084	0.045
937	3170	0.122	0.008
938	4770	0.092	0.047
939	1860	0.039	0.05
940	4080	0.186	0.044
941	3660	0.191	0.037
942	3840	0.096	0.009
943	3460	0.098	0.015
944	3440	0.136	0.006
945	2180	0.182	0.019
946	150	0.143	0.009
947	3700	0.071	0.019
948	650	0.146	0.048
949	2230	0.055	0.016
950	1910	0.061	0.017
951	1700	0.121	0.026
952	670	0.105	0.019
953	4420	0.026	0.028
954	3440	0.037	0.012
955	1690	0.094	0.04
956	1240	0.025	0.01
957	1840	0.024	0.043
958	4960	0.088	0.048
959	420	0.187	0.047
960	4910	0.026	0.028
961	2680	0.017	0.032
962	2840	0.073	0.017
963	2870	0.089	0.029
964	550	0.191	0.022
965	2590	0.043	0.007
966	4250	0.18	0.026
967	3860	0.04	0.015
968	380	0.051	0.015
969	2830	0.053	0.036
970	4750	0.08	0.009
971	2990	0.04	0.034
972	2110	0.053	0.004
973	3030	0.077	0.037
974	4440	0.146	0.032
975	4110	0.144	0.003
976	1870	0.142	0.044
977	1290	0.015	0.034
978	2260	0.091	0.011
979	2930	0.09	0.024
980	2910	0.132	0.028
981	470	0.159	0.017
982	250	0.179	0.026
983	1050	0.078	0.039
984	3420	0.17	0.023
985	4130	0.019	0.023
986	1380	0.069	0.034
987	3010	0.02	0.044
988	2860	0.063	0.023
989	3460	0.081	0.006
990	2400	0.05	0.036
991	2710	0.054	0.034
992	1730	0.037	0.008
993	2280	0.063	0.018
994	3830	0.152	0.026
995	2710	0.189	0.029
996	1120	0.143	0.001
997	3740	0.127	0.03
998	4150	0.15	0.018
999	2360	0.021	0.021
1000	2560	0.167	0.007
1001	4230	0.19	0.029
1002	2930	0.021	0.038
1003	4850	0.178	0.041
1004	560	0.189	0.049
1005	2120	0.017	0.047
1006	3510	0.158	0.005
1007	440	0.049	0.019
1008	1980	0.106	0.032
1009	610	0.192	0.034
1010	4930	0.077	0.035
1011	1190	0.102	0.035
1012	490	0.102	0.01
1013	3090	0.039	0.003
1014	450	0.123	0.022
1015	930	0.072	0.019
1016	4300	0.054	0.039
1017	4310	0.136	0.035
1018	2220	0.135	0.047
1019	2920	0.06	0.001
1020	580	0.131	0.048
1021	2030	0.06	0.032
1022	3160	0.142	0.03
1023	3170	0.151	0.024
1024	480	0.038	0.05
1025	10	0.085	0.035
1026	1470	0.051	0.03
1027	2160	0.132	0.027
1028	950	0.186	0.046
1029	1680	0.115	0.05
1030	2540	0.045	0.007
1031	1370	0.106	0.028
1032	4420	0.024	0.046
1033	3320	0.122	0.024
1034	4790	0.182	0.011
1035	1410	0.046	0.018
1036	4990	0.035	0.03
1037	720	0.139	0.014
1038	20	0.169	0.024
1039	230	0.146	0.043
1040	4830	0.086	0.044
1041	2260	0.126	0.04
1042	4540	0.163	0.02
1043	750	0.061	0.007
1044	1720	0.116	0.009
1045	2210	0.145	0.018
1046	4600	0.155	0.037
1047	670	0.167	0.033
1048	2440	0.167	0.004
1049	2160	0.134	0.035
1050	3360	0.047	0.007
1051	2570	0.115	0.044
1052	4450	0.074	0.018
1053	3040	0.161	0.043
1054	1880	0.104	0.042
1055	1010	0.051	0.012
1056	1010	0.072	0.027
1057	5000	0.024	0.031
1058	4620	0.175	0.014
1059	1640	0.158	0.017
1060	1430	0.026	0.032
1061	2760	0.027	0.019
1062	4800	0.142	0.05
1063	3930	0.101	0.024
1064	1160	0.144	0.021
1065	4600	0.086	0.045
1066	190	0.143	0.006
1067	2640	0.164	0.034
1068	2480	0.185	0.02
1069	570	0.149	0.008
1070	3330	0.146	0.008
1071	500	0.15	0.034
1072	3110	0.02	0.038
1073	1200	0.028	0.037
1074	2000	0.147	0.023
1075	90	0.019	0.043
1076	2790	0.181	0.004
1077	3730	0.165	0.004
1078	3540	0.074	0.002
1079	2540	0.026	0.027
1080	3490	0.115	0.034
1081	1620	0.033	0.023
1082	1760	0.117	0.022
1083	4770	0.175	0.005
1084	2090	0.033	0.022
1085	3310	0.164	0.047
1086	4680	0.182	0.015
1087	4820	0.167	0.008
1088	1840	0.141	0.008
1089	340	0.138	0.038
1090	3300	0.097	0.026
1091	3020	0.092	0.048
1092	2780	0.061	0.005
1093	4700	0.112	0.019
1094	2090	0.147	0.008
1095	3720	0.151	0.044
1096	4960	0.012	0.015
1097	1990	0.014	0.006
1098	1190	0.103	0.015
1099	4230	0.177	0.005
1100	1180	0.176	0.006
1101	420	0.084	0.01
1102	3100	0.09	0.022
1103	3540	0.086	0.028
1104	1080	0.158	0.028
1105	1810	0.04	0.022
1106	220	0.166	0.013
1107	3840	0.037	0.028
1108	70	0.11	0.036
1109	1140	0.144	0.034
1110	2940	0.124	0.04
1111	1550	0.109	0.047
1112	1870	0.188	0.047
1113	2960	0.096	0.038
1114	220	0.131	0.04
1115	2740	0.021	0.038
1116	4150	0.053	0.015
1117	3290	0.091	0.008
1118	3010	0.023	0.011
1119	2280	0.101	0.029
1120	2720	0.163	0.003
1121	3050	0.188	0.001
1122	3010	0.078	0.034
1123	700	0.16	0.009
1124	3100	0.049	0.031
1125	2300	0.079	0.046
1126	4810	0.162	0.02
1127	880	0.035	0.019
1128	800	0.086	0.039
1129	1570	0.14	0.02
1130	3740	0.039	0.012
1131	4720	0.114	0.023
1132	3590	0.062	0.021
1133	5000	0.046	0.046
1134	4010	0.062	0.038
1135	4810	0.121	0.01
1136	1560	0.156	0.008
1137	630	0.1	0.003
1138	2200	0.022	0.02
1139	4400	0.144	0.016
1140	2910	0.047	0.02
1141	2570	0.076	0.036
1142	950	0.176	0.032
1143	1710	0.028	0.028
1144	1980	0.043	0.011
1145	2960	0.137	0.01
1146	1240	0.123	0.021
1147	4870	0.109	0.036
1148	2160	0.141	0.048
1149	2140	0.149	0.049
1150	1040	0.185	0.019
1151	730	0.03	0.047
1152	2960	0.014	0.039
1153	3990	0.043	0.047
1154	3550	0.187	0.05
1155	3140	0.149	0.001
1156	1790	0.012	0.039
1157	300	0.04	0.027
1158	1340	0.056	0.019
1159	2980	0.11	0.044
1160	4880	0.05	0.009
1161	3560	0.178	0.036
1162	570	0.073	0.011
1163	2290	0.069	0.048
1164	840	0.039	0.045
1165	500	0.058	0.008
1166	2580	0.05	0.016
1167	430	0.131	0.036
1168	2530	0.038	0.01
1169	2840	0.073	0.027
1170	2380	0.075	0.048
1171	2740	0.044	0.031
1172	4390	0.109	0.046
1173	3780	0.077	0.045
1174	4880	0.177	0.013
1175	970	0.156	0.019
1176	780	0.138	0.032
1177	3150	0.086	0.03
1178	890	0.136	0.036
1179	3030	0.111	0.008
1180	1220	0.154	0.008
1181	3030	0.041	0.024
1182	3910	0.153	0.026
1183	870	0.154	0.023
1184	3100	0.102	0.014
1185	230	0.137	0.01
1186	4650	0.023	0.049
1187	2250	0.105	0.011
1188	4600	0.045	0.048
1189	880	0.163	0.048
1190	4590	0.057	0.029
1191	3480	0.188	0.008
1192	3340	0.122	0.023
1193	1150	0.058	0.04
1194	2850	0.153	0.02
1195	3930	0.029	0.009
1196	630	0.02	0.003
1197	4130	0.169	0.017
1198	3820	0.134	0.029
1199	1510	0.175	0.021
1200	700	0.184	0.015
1201	4890	0.055	0.007
1202	3470	0.134	0.014
1203	800	0.145	0.007
1204	2630	0.145	0.042
1205	4560	0.131	0.005
1206	4550	0.143	0.027
1207	2670	0.027	0.024
1208	4390	0.172	0.026
1209	3590	0.058	0.023
1210	150	0.151	0.011
1211	1920	0.102	0.045
1212	60	0.141	0.04
1213	1210	0.105	0.029
1214	4470	0.078	0.013
1215	1200	0.087	0.048
1216	2340	0.03	0.03
1217	2340	0.053	0.003
1218	980	0.042	0.042
1219	3250	0.113	0.02
1220	2950	0.19	0.035
1221	3270	0.029	0.017
1222	3960	0.127	0.003
1223	340	0.083	0.039
1224	3510	0.062	0.035
1225	3650	0.134	0.036
1226	3160	0.025	0.04
1227	4350	0.123	0.032
1228	1330	0.173	0.031
1229	60	0.15	0.032
1230	4960	0.122	0.003
1231	3090	0.153	0.025
1232	4710	0.095	0.031
1233	820	0.044	0.024
1234	1580	0.096	0.035
1235	3100	0.154	0.006
1236	20	0.067	0.023
1237	940	0.048	0.037
1238	4670	0.151	0.026
1239	730	0.175	0.037
1240	1010	0.088	0.021
1241	4740	0.039	0.029
1242	1310	0.097	0.039
1243	1910	0.123	0.04
1244	970	0.14	0.023
1245	2350	0.182	0.037
1246	1030	0.113	0.006
1247	720	0.114	0.018
1248	4280	0.154	0.05
1249	4130	0.065	0.05
1250	4180	0.014	0.048
1251	2420	0.149	0.016
1252	20	0.104	0.033
1253	3000	0.167	0.041
1254	30	0.186	0.04
1255	2300	0.077	0.02
1256	460	0.151	0.02
1257	1470	0.049	0.032
1258	2210	0.165	0.013
1259	2180	0.111	0.004
1260	4630	0.144	0.034
1261	4510	0.151	0.046
1262	3970	0.022	0.05
1263	4930	0.185	0.013
1264	280	0.181	0.044
1265	4810	0.14	0.032
1266	1880	0.037	0.044
1267	50	0.085	0.022
1268	2970	0.118	0.007
1269	830	0.084	0.01
1270	3800	0.055	0.022
1271	1200	0.035	0.034
1272	2850	0.093	0.003
1273	4930	0.181	0.036
1274	1920	0.026	0.039
1275	2980	0.023	0.006
1276	2120	0.076	0.032
1277	3610	0.132	0.013
1278	3480	0.183	0.015
1279	2270	0.046	0.018
1280	3510	0.142	0.042
1281	2360	0.078	0.002
1282	4140	0.19	0.022
1283	210	0.116	0.036
1284	1000	0.084	0.032
1285	3290	0.017	0.029
1286	4650	0.019	0.05
1287	100	0.146	0.006
1288	1110	0.046	0.047
1289	360	0.162	0.009
1290	1790	0.083	0.011
1291	960	0.02	0.024
1292	4320	0.148	0.01
1293	2180	0.047	0.025
1294	270	0.18	0.018
1295	1870	0.183	0.009
1296	60	0.149	0.03
1297	2370	0.112	0.038
1298	2480	0.048	0.006
1299	270	0.104	0.003
1300	4630	0.069	0.01
1301	520	0.14	0.037
1302	2380	0.11	0.032
1303	2740	0.011	0.015
1304	4430	0.15	0.036
1305	800	0.158	0.036
1306	3670	0.183	0.037
1307	2150	0.054	0.048
1308	4630	0.024	0.002
1309	4940	0.076	0.008
1310	440	0.091	0.011
1311	4200	0.116	0.041
1312	410	0.058	0.041
1313	3820	0.067	0.025
1314	2240	0.146	0.032
1315	2330	0.13	0.012
1316	220	0.061	0.045
1317	1000	0.06	0.02
1318	3860	0.054	0.041
1319	450	0.024	0.027
1320	3660	0.149	0.038
1321	2540	0.175	0.049
1322	1560	0.137	0.025
1323	2410	0.025	0.05
1324	3660	0.015	0.032
1325	1860	0.109	0.038
1326	130	0.065	0.034
1327	1070	0.147	0.019
1328	370	0.049	0.028
1329	2780	0.052	0.032
1330	3910	0.077	0.015
1331	4780	0.059	0.02
1332	3160	0.178	0.015
1333	4560	0.17	0.007
1334	2430	0.049	0.025
1335	3330	0.153	0.05
1336	4840	0.109	0.022
1337	3410	0.037	0.014
1338	3900	0.155	0.039
1339	1960	0.097	0.025
1340	2190	0.017	0.024
1341	3220	0.11	0.033
1342	4810	0.063	0.003
1343	2690	0.19	0.015
1344	1850	0.09	0.049
1345	2440	0.101	0.021
1346	4020	0.143	0.039
1347	1220	0.078	0.006
1348	2340	0.129	0.039
1349	4850	0.032	0.028
1350	1140	0.165	0.006
1351	5000	0.021	0.034
1352	4520	0.132	0.032
1353	2100	0.137	0.045
1354	2090	0.181	0.041
1355	4490	0.014	0.017
1356	3940	0.107	0.028
1357	3390	0.18	0.031
1358	4290	0.174	0.015
1359	3830	0.183	0.007
1360	2580	0.099	0.039
1361	150	0.017	0.045
1362	1760	0.054	0.036
1363	160	0.039	0.049
1364	2880	0.169	0.023
1365	1520	0.071	0.009
1366	1200	0.154	0.017
1367	930	0.085	0.027
1368	1420	0.052	0.05
1369	2330	0.035	0.019
1370	2020	0.099	0.027
1371	2480	0.189	0.022
1372	360	0.042	0.003
1373	1570	0.106	0.012
1374	320	0.166	0.004
1375	2300	0.128	0.011
1376	90	0.074	0.002
1377	3780	0.039	0.013
1378	3650	0.179	0.023
1379	450	0.156	0.039
1380	390	0.134	0.027
1381	3100	0.012	0.016
1382	3420	0.084	0.03
1383	1950	0.13	0.027
1384	600	0.153	0.043
1385	2210	0.111	0.015
1386	1590	0.07	0.03
1387	1750	0.038	0.008
1388	1590	0.189	0.022
1389	3730	0.178	0.041
1390	290	0.04	0.021
1391	4290	0.167	0.034
1392	1570	0.081	0.034
1393	760	0.033	0.008
1394	4980	0.024	0.031
1395	3470	0.057	0.006
1396	1010	0.151	0.011
1397	3140	0.059	0.032
1398	1500	0.054	0.017
1399	390	0.097	0.006
1400	2320	0.182	0.014
1401	400	0.158	0.024
1402	3540	0.136	0.002
1403	4370	0.05	0.012
1404	3350	0.137	0.036
1405	1440	0.069	0.013
1406	1530	0.159	0.036
1407	2270	0.086	0.015
1408	2570	0.02	0.033
1409	4480	0.093	0.018
1410	2900	0.087	0.026
1411	4450	0.13	0.01
1412	3080	0.082	0.019
1413	3480	0.154	0.043
1414	2540	0.019	0.003
1415	2780	0.075	0.038
1416	4100	0.136	0.012
1417	1710	0.032	0.002
1418	4060	0.102	0.004
1419	460	0.084	0.047
1420	1370	0.172	0.038
1421	4450	0.011	0.048
1422	2010	0.085	0.022
1423	2630	0.04	0.048
1424	3610	0.054	0.031
1425	3990	0.187	0.033
1426	2290	0.017	0.032
1427	1340	0.044	0.036
1428	2340	0.106	0.042
1429	4340	0.163	0.009
1430	1080	0.074	0.015
1431	4320	0.029	0.016
1432	600	0.014	0.04
1433	1430	0.168	0.005
1434	4060	0.182	0.042
1435	460	0.084	0.028
1436	610	0.115	0.01
1437	4970	0.05	0.007
1438	4740	0.053	0.034
1439	1020	0.145	0.029
1440	4970	0.078	0.038
1441	4140	0.154	0.039
1442	1900	0.065	0.026
1443	1300	0.132	0.017
1444	3720	0.14	0.045
1445	2730	0.016	0.023
1446	4470	0.153	0.001
1447	1470	0.011	0.032
1448	2620	0.11	0.013
1449	3410	0.044	0.029
1450	1040	0.046	0.002
1451	1000	0.186	0.046
1452	3310	0.081	0.046
1453	3310	0.094	0.029
1454	3870	0.132	0.015
1455	280	0.108	0.048
1456	1480	0.106	0.033
1457	4540	0.169	0.002
1458	4250	0.11	0.042
1459	650	0.057	0.007
1460	4390	0.036	0.021
1461	1590	0.027	0.041
1462	3570	0.113	0.027
1463	210	0.044	0.016
1464	2100	0.024	0.02
1465	3590	0.17	0.014
1466	820	0.141	0.012
1467	3360	0.115	0.02
1468	810	0.118	0.021
1469	80	0.055	0.011
1470	2440	0.181	0.036
1471	1370	0.076	0.037
1472	20	0.05	0.047
1473	2160	0.156	0.036
1474	4390	0.066	0.031
1475	770	0.168	0.005
1476	3480	0.181	0.028
1477	3210	0.162	0.025
1478	3850	0.166	0.015
1479	3990	0.167	0.028
1480	1880	0.065	0.003
1481	1810	0.119	0.04
1482	4780	0.097	0.041
1483	120	0.04	0.02
1484	560	0.08	0.026
1485	2270	0.183	0.038
1486	2320	0.108	0.001
1487	4550	0.157	0.036
1488	3940	0.137	0.038
1489	3270	0.166	0.024
1490	3500	0.042	0.037
1491	3420	0.069	0.017
1492	620	0.148	0.003
1493	2230	0.185	0.006
1494	3560	0.167	0.031
1495	1440	0.104	0.05
1496	4870	0.046	0.005
1497	750	0.073	0.03
1498	4230	0.164	0.04
1499	1630	0.14	0.029
1500	670	0.086	0.004
1501	840	0.061	0.006
1502	3650	0.161	0.021
1503	4000	0.058	0.044
1504	4700	0.155	0.006
1505	2050	0.121	0.017
1506	4830	0.159	0.011
1507	380	0.073	0.031
1508	1370	0.034	0.034
1509	4180	0.101	0.027
1510	1440	0.182	0.005
1511	220	0.043	0.024
1512	3590	0.136	0.012
1513	2570	0.158	0.042
1514	80	0.059	0.032
1515	330	0.049	0.005
1516	1070	0.081	0.037
1517	4560	0.09	0.045
1518	1970	0.145	0.005
1519	280	0.025	0.049
1520	2420	0.142	0.01
1521	4250	0.121	0.049
1522	610	0.113	0.047
1523	3380	0.157	0.043
1524	4030	0.049	0.004
1525	2120	0.19	0.009
1526	3200	0.028	0.01
1527	4640	0.065	0.011
1528	2440	0.138	0.014
1529	4490	0.022	0.042
1530	1950	0.169	0.041
1531	1960	0.086	0.042
1532	1150	0.039	0.047
1533	540	0.035	0.034
1534	2740	0.101	0.035
1535	1640	0.08	0.036
1536	3170	0.073	0.04
1537	560	0.157	0.018
1538	4840	0.124	0.043
1539	1820	0.184	0.046
1540	3450	0.159	0.021
1541	230	0.127	0.011
1542	1780	0.11	0.009
1543	1050	0.192	0.048
1544	1050	0.128	0.045
1545	1350	0.106	0.03
1546	2420	0.099	0.032
1547	4270	0.049	0.002
1548	220	0.14	0.037
1549	3220	0.168	0.001
1550	3960	0.15	0.021
1551	910	0.087	0.032
1552	2130	0.162	0.022
1553	540	0.17	0.005
1554	3070	0.179	0.037
1555	1620	0.091	0.015
1556	3840	0.166	0.007
1557	4140	0.047	0.011
1558	2920	0.072	0.033
1559	900	0.11	0.001
1560	3580	0.189	0.042
1561	4090	0.083	0.012
1562	2980	0.175	0.008
1563	4880	0.133	0.013
1564	3500	0.189	0.002
1565	130	0.05	0.024
1566	4190	0.148	0.013
1567	1450	0.118	0.018
1568	3030	0.148	0.002
1569	4430	0.12	0.043
1570	1650	0.012	0.05
1571	290	0.09	0.038
1572	3750	0.136	0.012
1573	4330	0.043	0.011
1574	3820	0.038	0.012
1575	3130	0.102	0.02
1576	4910	0.092	0.015
1577	4400	0.17	0.031
1578	4920	0.072	0.002
1579	1190	0.017	0.015
1580	2140	0.074	0.013
1581	3620	0.03	0.005
1582	4010	0.027	0.04
1583	1560	0.094	0.035
1584	350	0.183	0.004
1585	1090	0.159	0.04
1586	4980	0.118	0.016
1587	4010	0.039	0.022
1588	2590	0.178	0.023
1589	130	0.125	0.047
1590	3720	0.139	0.047
1591	3300	0.156	0.003
1592	940	0.18	0.039
1593	2180	0.162	0.029
1594	4270	0.063	0.006
1595	1580	0.046	0.021
1596	2710	0.052	0.039
1597	4240	0.042	0.001
1598	860	0.097	0.038
1599	3140	0.081	0.006
1600	2400	0.144	0.04
1601	1910	0.15	0.045
1602	860	0.125	0.046
1603	4280	0.1	0.014
1604	4470	0.123	0.022
1605	2930	0.15	0.004
1606	1770	0.115	0.028
1607	3550	0.115	0.023
1608	1580	0.061	0.036
1609	3530	0.156	0.012
1610	1470	0.076	0.04
1611	3350	0.098	0.019
1612	2130	0.046	0.021
1613	2560	0.146	0.009
1614	2730	0.11	0.05
1615	1590	0.12	0.002
1616	4130	0.078	0.021
1617	1410	0.158	0.031
1618	4820	0.026	0.042
1619	2650	0.139	0.048
1620	1250	0.027	0.046
1621	3670	0.19	0.026
1622	3520	0.037	0.004
1623	3310	0.159	0.038
1624	1100	0.088	0.036
1625	3350	0.092	0.028
1626	2360	0.153	0.025
1627	4120	0.151	0.037
1628	790	0.106	0.048
1629	2630	0.033	0.021
1630	3150	0.073	0.05
1631	300	0.173	0.013
1632	240	0.16	0.049
1633	1870	0.146	0.015
1634	1130	0.134	0.026
1635	3200	0.064	0.022
1636	2920	0.12	0.005
1637	810	0.032	0.007
1638	3830	0.032	0.043
1639	2320	0.174	0.003
1640	1850	0.115	0.004
1641	2840	0.179	0.005
1642	3720	0.113	0.037
1643	4570	0.056	0.027
1644	2660	0.192	0.023
1645	1320	0.028	0.017
1646	540	0.069	0.029
1647	4090	0.039	0.037
1648	140	0.031	0.001
1649	350	0.064	0.005
1650	3880	0.062	0.018
1651	4120	0.096	0.042
1652	4880	0.14	0.016
1653	1270	0.013	0.024
1654	150	0.151	0.05
1655	3540	0.118	0.05
1656	3630	0.09	0.049
1657	3410	0.131	0.017
1658	2490	0.124	0.041
1659	1810	0.06	0.029
1660	2370	0.096	0.03
1661	4280	0.173	0.034
1662	1650	0.18	0.039
1663	2510	0.113	0.04
1664	2550	0.186	0.003
1665	2720	0.103	0.023
1666	3230	0.17	0.023
1667	460	0.184	0.017
1668	2660	0.029	0.006
1669	3010	0.144	0.012
1670	1290	0.174	0.018
1671	4790	0.058	0.017
1672	2170	0.139	0.033
1673	4830	0.12	0.021
1674	4270	0.064	0.001
1675	3730	0.061	0.025
1676	570	0.112	0.042
1677	220	0.018	0.014
1678	4920	0.013	0.001
1679	4900	0.012	0.014
1680	4050	0.099	0.046
1681	660	0.018	0.028
1682	2860	0.026	0.021
1683	1790	0.18	0.012
1684	1150	0.029	0.028
1685	4380	0.191	0.048
1686	3370	0.033	0.001
1687	4340	0.05	0.019
1688	1480	0.047	0.017
1689	1670	0.173	0.005
1690	2820	0.017	0.037
1691	1100	0.124	0.031
1692	280	0.064	0.033
1693	1760	0.155	0.026
1694	770	0.133	0.04
1695	580	0.041	0.041
1696	1780	0.191	0.004
1697	3860	0.129	0.002
1698	1060	0.148	0.045
1699	4480	0.086	0.024
1700	1400	0.057	0.033
1701	1310	0.113	0.027
1702	360	0.186	0.008
1703	1760	0.091	0.014
1704	1090	0.104	0.028
1705	3260	0.108	0.003
1706	3680	0.06	0.002
1707	390	0.158	0.014
1708	2780	0.152	0.012
1709	2160	0.035	0.009
1710	2290	0.074	0.041
1711	3540	0.064	0.006
1712	1960	0.08	0.04
1713	660	0.08	0.049
1714	4120	0.042	0.023
1715	4800	0.077	0.007
1716	4480	0.117	0.04
1717	4880	0.174	0.005
1718	3490	0.184	0.031
1719	1730	0.048	0.043
1720	360	0.184	0.026
1721	3820	0.105	0.045
1722	1080	0.131	0.029
1723	1410	0.09	0.047
1724	3390	0.022	0.032
1725	3400	0.093	0.048
1726	760	0.044	0.008
1727	2580	0.11	0.015
1728	2140	0.11	0.026
1729	2040	0.042	0.043
1730	1960	0.143	0.036
1731	40	0.063	0.038
1732	3140	0.105	0.036
1733	3010	0.02	0.006
1734	4440	0.12	0.033
1735	4640	0.058	0.011
1736	3430	0.041	0.017
1737	390	0.095	0.031
1738	3730	0.06	0.041
1739	310	0.171	0.024
1740	3180	0.171	0.046
1741	2740	0.1	0.048
1742	2060	0.011	0.043
1743	3670	0.114	0.015
1744	1320	0.146	0.045
1745	4650	0.185	0.018
1746	2020	0.064	0.004
1747	1270	0.049	0.025
1748	3070	0.114	0.032
1749	1300	0.146	0.036
1750	4060	0.012	0.039
1751	4170	0.126	0.013
1752	4510	0.151	0.021
1753	2840	0.141	0.027
1754	1280	0.083	0.002
1755	4620	0.125	0.016
1756	4350	0.171	0.008
1757	610	0.034	0.009
1758	770	0.089	0.002
1759	3080	0.111	0.015
1760	3150	0.191	0.022
1761	180	0.101	0.035
1762	3990	0.098	0.017
1763	2630	0.039	0.027
1764	2070	0.041	0.007
1765	4140	0.033	0.04
1766	4120	0.091	0.018
1767	3210	0.05	0.006
1768	4530	0.162	0.018
1769	980	0.103	0.02
1770	4430	0.014	0.028
1771	3220	0.109	0.024
1772	3070	0.1	0.048
1773	4310	0.19	0.029
1774	540	0.011	0.029
1775	490	0.191	0.016
1776	4040	0.153	0.037
1777	4490	0.085	0.007
1778	3930	0.122	0.049
1779	3080	0.127	0.006
1780	1480	0.077	0.019
1781	3610	0.11	0.005
1782	1170	0.055	0.037
1783	730	0.132	0.047
1784	1400	0.192	0.045
1785	520	0.124	0.032
1786	2980	0.045	0.001
1787	540	0.133	0.018
1788	4700	0.127	0.01
1789	3110	0.035	0.015
1790	270	0.062	0.04
1791	3100	0.166	0.026
1792	3960	0.153	0.021
1793	1080	0.053	0.002
1794	2620	0.035	0.002
1795	3130	0.148	0.012
1796	630	0.051	0.026
1797	4980	0.107	0.032
1798	2640	0.145	0.041
1799	3530	0.066	0.033
1800	2310	0.138	0.014
1801	620	0.114	0.004
1802	2350	0.146	0.048
1803	340	0.085	0.012
1804	2850	0.175	0.045
1805	1560	0.047	0.006
1806	1830	0.066	0.03
1807	2590	0.191	0.006
1808	3990	0.071	0.034
1809	4900	0.105	0.004
1810	4450	0.122	0.042
1811	4870	0.158	0.045
1812	1160	0.028	0.01
1813	3690	0.1	0.001
1814	1800	0.03	0.02
1815	3040	0.012	0.022
1816	2910	0.14	0.022
1817	1980	0.076	0.048
1818	450	0.053	0.037
1819	880	0.17	0.035
1820	4820	0.15	0.025
1821	4230	0.144	0.021
1822	1550	0.182	0.018
1823	3270	0.168	0.025
1824	1070	0.15	0.042
1825	3630	0.035	0.005
1826	4190	0.149	0.044
1827	440	0.134	0.01
1828	4430	0.053	0.045
1829	70	0.043	0.027
1830	4060	0.088	0.044
1831	3380	0.082	0.008
1832	4350	0.167	0.017
1833	930	0.067	0.036
1834	2660	0.175	0.032
1835	4250	0.028	0.002
1836	2120	0.042	0.01
1837	1080	0.132	0.04
1838	3670	0.179	0.007
1839	870	0.187	0.019
1840	1640	0.011	0.015
1841	4900	0.085	0.011
1842	170	0.015	0.038
1843	4680	0.065	0.003
1844	1510	0.056	0.016
1845	4330	0.142	0.05
1846	3790	0.054	0.044
1847	3630	0.129	0.011
1848	330	0.165	0.013
1849	850	0.087	0.03
1850	4530	0.03	0.041
1851	4320	0.052	0.006
1852	1270	0.098	0.028
1853	4150	0.031	0.029
1854	550	0.134	0.008
1855	2780	0.111	0.044
1856	1770	0.182	0.048
1857	3970	0.154	0.027
1858	3960	0.128	0.048
1859	4550	0.185	0.002
1860	1300	0.102	0.005
1861	450	0.156	0.041
1862	1800	0.087	0.001
1863	2830	0.161	0.01
1864	2780	0.089	0.035
1865	3990	0.068	0.003
1866	2470	0.117	0.01
1867	3480	0.169	0.032
1868	1070	0.096	0.009
1869	2470	0.182	0.03
1870	270	0.046	0.037
1871	1780	0.098	0.039
1872	3280	0.096	0.031
1873	3010	0.027	0.015
1874	2620	0.071	0.037
1875	3760	0.061	0.032
1876	3870	0.083	0.014
1877	4050	0.067	0.042
1878	4840	0.048	0.045
1879	3140	0.117	0.02
1880	870	0.07	0.021
1881	2430	0.165	0.03
1882	4350	0.069	0.036
1883	90	0.069	0.042
1884	3990	0.032	0.036
1885	3210	0.166	0.047
1886	3770	0.105	0.05
1887	1440	0.083	0.025
1888	880	0.053	0.021
1889	3980	0.106	0.026
1890	850	0.169	0.027
1891	2440	0.033	0.008
1892	2100	0.04	0.043
1893	430	0.113	0.036
1894	50	0.124	0.002
1895	2400	0.11	0.008
1896	4280	0.127	0.029
1897	3680	0.144	0.015
1898	2960	0.028	0.021
1899	4450	0.046	0.026
1900	420	0.045	0.037
1901	3440	0.17	0.047
1902	5000	0.135	0.046
1903	2700	0.089	0.029
1904	2190	0.1	0.003
1905	3560	0.028	0.015
1906	1880	0.07	0.036
1907	3000	0.154	0.042
1908	1060	0.113	0.004
1909	260	0.172	0.004
1910	3120	0.138	0.014
1911	3770	0.164	0.034
1912	3100	0.157	0.014
1913	2440	0.165	0.028
1914	1660	0.157	0.008
1915	2570	0.167	0.022
1916	850	0.178	0.001
1917	3150	0.097	0.046
1918	3490	0.044	0.04
1919	2570	0.044	0.027
1920	3360	0.125	0.016
1921	4870	0.022	0.024
1922	1750	0.139	0.017
1923	4430	0.043	0.045
1924	850	0.133	0.045
1925	1620	0.031	0.035
1926	490	0.046	0.045
1927	1330	0.091	0.026
1928	2750	0.032	0.027
1929	1210	0.034	0.018
1930	2730	0.051	0.011
1931	3140	0.111	0.031
1932	2400	0.07	0.025
1933	1370	0.149	0.005
1934	230	0.039	0.007
1935	1650	0.149	0.019
1936	4480	0.038	0.012
1937	1770	0.106	0.017
1938	3350	0.045	0.028
1939	3600	0.162	0.04
1940	4850	0.135	0.024
1941	3410	0.089	0.007
1942	2020	0.144	0.018
1943	1740	0.088	0.005
1944	3750	0.103	0.049
1945	3890	0.039	0.024
1946	170	0.158	0.045
1947	4420	0.044	0.012
1948	2050	0.171	0.049
1949	3460	0.097	0.024
1950	4090	0.013	0.012
1951	4060	0.19	0.022
1952	150	0.072	0.045
1953	3090	0.077	0.011
1954	2580	0.064	0.033
1955	3490	0.02	0.038
1956	1480	0.049	0.016
1957	1430	0.097	0.005
1958	1820	0.111	0.041
1959	3450	0.057	0.044
1960	2200	0.028	0.023
1961	2620	0.163	0.012
1962	4990	0.131	0.037
1963	4050	0.028	0.049
1964	520	0.128	0.043
1965	3940	0.137	0.022
1966	1860	0.045	0.028
1967	4060	0.039	0.05
1968	1840	0.151	0.038
1969	4980	0.024	0.038
1970	90	0.129	0.037
1971	4320	0.103	0.011
1972	3990	0.156	0.009
1973	4380	0.139	0.005
1974	1320	0.068	0.016
1975	960	0.125	0.003
1976	3470	0.126	0.018
1977	4440	0.161	0.031
1978	2340	0.148	0.02
1979	810	0.084	0.008
1980	1900	0.025	0.01
1981	560	0.093	0.025
1982	1770	0.038	0.002
1983	170	0.183	0.047
1984	4840	0.086	0.043
1985	1260	0.05	0.035
1986	3850	0.038	0.042
1987	4900	0.183	0.011
1988	3910	0.089	0.012
1989	3840	0.084	0.012
1990	4610	0.123	0.028
1991	3120	0.128	0.047
1992	2260	0.181	0.035
1993	490	0.103	0.009
1994	890	0.032	0.047
1995	4020	0.121	0.045
1996	220	0.026	0.017
1997	1230	0.151	0.025
1998	1100	0.175	0.015
1999	3970	0.059	0.026
2000	4000	0.023	0.023
